164.0,0.0,200.0,181.0,13.0,849.0,846.0,28.0,15.085735
150.9,0.0,183.9,166.6,11.6,991.2,772.2,28.0,15.569747
102.0,153.0,0.0,192.0,0.0,887.0,942.0,90.0,25.46097
155.6,243.5,0.0,180.3,10.7,1022.0,697.7,28.0,37.363394
436.0,0.0,0.0,218.0,0.0,838.4,719.7,28.0,23.848975
254.0,0.0,0.0,198.0,0.0,968.0,863.0,90.0,26.944722
252.5,0.0,0.0,185.7,0.0,1111.6,784.3,28.0,19.765208
212.0,0.0,124.78,159.0,7.84,1085.4,799.54,56.0,45.084836
388.6,97.1,0.0,157.9,12.1,852.1,925.7,3.0,28.096147
332.5,142.5,0.0,228.0,0.0,932.0,594.0,180.0,39.779318
108.3,162.4,0.0,203.5,0.0,938.2,849.0,90.0,29.231714
145.7,172.6,0.0,181.9,3.4,985.8,816.8,28.0,23.744174
250.0,0.0,95.69,187.42,5.53,956.86,861.17,3.0,13.817099
144.0,0.0,175.0,158.0,18.0,943.0,844.0,28.0,15.416683
522.0,0.0,0.0,146.0,0.0,896.0,896.0,28.0,74.98741
401.8,94.7,0.0,147.4,11.4,946.8,852.1,56.0,73.69809
213.72,98.05,24.51,181.71,6.86,1065.8,785.38,3.0,17.995324
362.6,189.0,0.0,164.9,11.6,944.7,755.8,3.0,35.301171
290.35,0.0,96.18,168.08,9.41,961.18,865.0,56.0,45.084836
212.0,141.3,0.0,203.5,0.0,973.4,750.0,28.0,33.003837
272.6,0.0,89.6,198.7,10.6,931.3,762.2,28.0,32.245414
295.71,0.0,95.64,171.54,8.87,955.14,859.2,100.0,52.041648
200.0,0.0,0.0,180.0,0.0,1125.0,845.0,7.0,7.8393421
150.7,0.0,185.3,166.7,15.6,1074.5,678.0,28.0,13.461329
148.0,0.0,182.0,181.0,15.0,839.0,884.0,28.0,15.520105
181.38,0.0,167.01,169.59,7.56,1055.6,777.8,100.0,45.367521
166.09,0.0,163.27,176.46,4.49,1058.6,780.09,56.0,28.627044
350.0,0.0,0.0,203.0,0.0,974.0,775.0,56.0,29.978416
251.37,0.0,118.27,188.45,6.35,1028.4,757.73,3.0,13.120728
389.9,189.0,0.0,145.9,22.0,944.7,755.8,7.0,59.094988
159.0,149.0,116.0,175.0,15.0,953.0,720.0,28.0,27.675567
252.0,0.0,0.0,185.0,0.0,1111.0,784.0,28.0,19.691435
500.0,0.0,0.0,200.0,0.0,1125.0,613.0,1.0,12.638095
251.37,0.0,118.27,188.45,5.75,1028.4,757.73,3.0,17.22311
272.8,181.9,0.0,185.7,0.0,1012.4,714.3,28.0,31.3815
190.34,0.0,125.18,166.61,9.88,1079.0,798.9,56.0,31.715896
362.6,189.0,0.0,164.9,11.6,944.7,755.8,3.0,35.301171
475.0,0.0,0.0,228.0,0.0,932.0,594.0,180.0,42.620648
154.8,183.4,0.0,193.3,9.1,1047.4,696.7,28.0,18.287661
491.0,26.0,123.0,210.0,3.93,882.0,699.0,7.0,33.488834
307.0,0.0,0.0,193.0,0.0,968.0,812.0,90.0,32.922479
342.0,38.0,0.0,228.0,0.0,932.0,670.0,90.0,50.459301
475.0,0.0,0.0,228.0,0.0,932.0,594.0,28.0,39.28979
332.5,142.5,0.0,228.0,0.0,932.0,594.0,90.0,37.721921
313.0,0.0,0.0,178.0,8.0,1000.0,822.0,28.0,25.096926
380.0,95.0,0.0,228.0,0.0,932.0,594.0,28.0,36.44777
349.0,0.0,0.0,192.0,0.0,1056.0,809.0,7.0,9.0114513
313.3,262.2,0.0,175.5,8.6,1046.9,611.8,28.0,59.798253
540.0,0.0,0.0,173.0,0.0,1125.0,613.0,28.0,67.306647
135.0,0.0,166.0,180.0,10.0,961.0,805.0,28.0,13.293097
166.09,0.0,163.27,176.46,4.49,1058.6,780.09,100.0,33.543007
132.0,206.5,160.9,178.9,5.5,866.9,735.6,28.0,33.306517
540.0,0.0,0.0,173.0,0.0,1125.0,613.0,270.0,74.166933
251.37,0.0,118.27,188.45,6.35,1028.4,757.73,56.0,36.638755
166.8,250.2,0.0,203.5,0.0,975.6,692.6,3.0,6.9023442
525.0,0.0,0.0,189.0,0.0,1125.0,613.0,28.0,55.944083
250.2,166.8,0.0,203.5,0.0,977.6,694.1,7.0,19.350144
284.0,15.0,141.0,179.0,5.46,842.0,801.0,28.0,43.733463
331.0,0.0,0.0,192.0,0.0,978.0,825.0,3.0,13.520624
252.0,97.0,76.0,194.0,8.0,835.0,821.0,28.0,33.398217
213.76,98.06,24.52,181.74,6.65,1066.0,785.52,3.0,13.182781
252.31,0.0,98.75,146.25,14.17,987.76,889.01,3.0,21.780547
333.0,0.0,0.0,192.0,0.0,931.2,842.6,7.0,23.404952
168.88,42.22,124.25,158.33,10.83,1080.8,796.15,100.0,48.153004
190.34,0.0,125.18,161.85,9.88,1088.1,802.59,100.0,40.389504
192.0,288.0,0.0,192.0,0.0,929.8,716.1,7.0,21.480625
289.0,0.0,0.0,192.0,0.0,913.2,895.3,7.0,14.596896
238.1,0.0,0.0,185.7,0.0,1118.8,789.3,28.0,17.576122
173.0,116.0,0.0,192.0,0.0,946.8,856.8,7.0,11.392212
122.6,183.9,0.0,203.5,0.0,958.2,800.1,3.0,3.3198269
255.0,99.0,77.0,189.0,6.0,919.0,749.0,28.0,33.798114
233.81,0.0,94.58,197.89,4.567,947.04,852.16,14.0,22.139074
427.5,47.5,0.0,228.0,0.0,932.0,594.0,90.0,41.542997
322.0,0.0,0.0,203.0,0.0,974.0,800.0,28.0,25.179664
158.0,0.0,195.0,220.0,11.0,898.0,713.0,28.0,8.5357129
349.0,0.0,0.0,192.0,0.0,1056.0,809.0,3.0,15.871738
181.38,0.0,167.01,169.59,7.56,1055.6,777.8,56.0,35.570067
342.0,38.0,0.0,228.0,0.0,932.0,670.0,365.0,56.141962
469.0,117.2,0.0,137.8,32.2,852.1,840.5,91.0,70.698869
500.0,0.0,0.0,200.0,0.0,1125.0,613.0,180.0,51.041908
139.6,209.4,0.0,192.0,0.0,1047.0,806.9,90.0,39.358048
475.0,0.0,0.0,228.0,0.0,932.0,594.0,90.0,42.229026
213.72,98.05,24.51,181.71,6.86,1065.8,785.38,100.0,53.903234
424.0,22.0,132.0,178.0,8.48,822.0,750.0,56.0,65.697213
250.0,0.0,95.69,187.42,5.53,956.86,861.17,28.0,29.219993
318.8,212.5,0.0,155.7,14.3,852.1,880.4,28.0,55.495923
318.0,0.0,126.0,210.0,6.0,861.0,737.0,28.0,40.058556
277.05,0.0,97.39,160.6,11.83,973.9,875.61,28.0,48.284004
172.38,13.61,172.37,156.76,4.14,1006.3,856.4,14.0,29.750889
218.23,54.64,123.78,140.75,11.91,1075.7,792.67,3.0,27.420461
166.8,250.2,0.0,203.5,0.0,975.6,692.6,7.0,15.748321
252.0,0.0,0.0,185.0,0.0,1111.0,784.0,7.0,13.713678
388.6,97.1,0.0,157.9,12.1,852.1,925.7,28.0,50.69717
310.0,143.0,0.0,168.0,10.0,914.0,804.0,28.0,45.298573
359.0,19.0,141.0,154.0,10.91,942.0,801.0,3.0,23.639177
350.0,0.0,0.0,203.0,0.0,974.0,775.0,14.0,22.532076
154.8,0.0,142.8,193.3,9.1,1047.4,696.7,28.0,12.459521
397.0,0.0,0.0,185.0,0.0,1040.0,734.0,28.0,39.093289
218.23,54.64,123.78,140.75,11.91,1075.7,792.67,56.0,61.990787
141.3,212.0,0.0,203.5,0.0,971.8,748.5,90.0,39.662107
300.0,0.0,0.0,184.0,0.0,1075.0,795.0,28.0,26.848195
446.0,24.0,79.0,162.0,11.61,967.0,712.0,3.0,35.363224
222.36,0.0,96.67,189.29,4.46,967.08,870.32,28.0,24.890084
393.0,0.0,0.0,192.0,0.0,940.6,785.6,3.0,19.199149
203.5,305.3,0.0,203.5,0.0,963.4,630.0,3.0,9.5616532
277.0,0.0,0.0,191.0,0.0,968.0,856.0,180.0,32.32953
331.0,0.0,0.0,192.0,0.0,978.0,825.0,90.0,37.231704
355.0,19.0,97.0,145.0,12.25,967.0,871.0,28.0,55.454555
380.0,0.0,0.0,228.0,0.0,932.0,670.0,90.0,52.90832
166.0,259.7,0.0,183.2,12.7,858.8,826.8,28.0,37.917043
480.0,0.0,0.0,192.0,0.0,936.2,712.2,90.0,54.31554
475.0,0.0,59.0,142.0,1.9,1098.0,641.0,28.0,57.226508
213.74,0.0,174.74,154.79,10.16,1053.5,776.35,56.0,46.643051
389.9,189.0,0.0,145.9,22.0,944.7,755.8,91.0,82.599225
331.0,0.0,0.0,192.0,0.0,1025.0,821.0,28.0,31.743475
236.0,0.0,0.0,193.0,0.0,968.0,885.0,180.0,24.104081
382.5,0.0,0.0,185.7,0.0,1047.8,739.3,28.0,37.437857
236.0,157.0,0.0,192.0,0.0,972.6,749.1,28.0,32.884558
424.0,22.0,132.0,178.0,8.48,822.0,750.0,28.0,62.05284
277.0,0.0,0.0,191.0,0.0,968.0,856.0,14.0,21.26344
475.0,118.8,0.0,181.1,8.9,852.1,781.5,56.0,72.298453
251.37,0.0,118.27,192.94,5.75,1043.6,754.3,3.0,11.983093
237.5,237.5,0.0,228.0,0.0,932.0,594.0,270.0,38.40795
349.0,0.0,0.0,192.0,0.0,1047.0,806.0,90.0,39.486291
238.05,0.0,94.11,186.66,7.0,949.91,847.01,56.0,39.589712
397.0,0.0,0.0,186.0,0.0,1040.0,734.0,28.0,36.935229
250.2,166.8,0.0,203.5,0.0,977.6,694.1,28.0,36.964187
323.7,282.8,0.0,183.8,10.3,942.7,659.9,56.0,80.199848
145.0,0.0,179.0,202.0,8.0,824.0,869.0,28.0,10.535193
152.0,0.0,112.0,184.0,8.0,992.0,816.0,28.0,12.176146
297.16,0.0,117.54,174.8,9.52,1022.8,753.45,28.0,47.401475
446.0,24.0,79.0,162.0,11.64,967.0,712.0,56.0,56.144031
525.0,0.0,0.0,189.0,0.0,1125.0,613.0,90.0,58.784724
147.0,115.0,89.0,202.0,9.0,860.0,829.0,28.0,19.987909
379.5,151.2,0.0,153.9,15.9,1134.3,605.0,56.0,54.896079
525.0,0.0,0.0,189.0,0.0,1125.0,613.0,3.0,33.798114
425.0,106.3,0.0,151.4,18.6,936.0,803.7,28.0,61.797734
102.0,153.0,0.0,192.0,0.0,887.0,942.0,28.0,17.275511
387.0,20.0,94.0,157.0,11.61,938.0,845.0,28.0,46.68442
139.6,209.4,0.0,192.0,0.0,1047.0,806.9,3.0,8.0634218
167.35,129.9,128.62,175.46,7.79,1006.3,746.6,28.0,41.203086
251.37,0.0,118.27,192.94,5.75,1043.6,754.3,100.0,40.148187
295.71,0.0,95.64,171.54,8.87,955.14,859.2,14.0,35.232224
380.0,95.0,0.0,228.0,0.0,932.0,594.0,7.0,32.823194
302.0,0.0,0.0,203.0,0.0,974.0,817.0,180.0,26.744774
140.0,133.0,103.0,200.0,7.0,916.0,753.0,28.0,36.438807
337.9,189.0,0.0,174.9,9.5,944.7,755.8,56.0,59.89478
302.0,0.0,0.0,203.0,0.0,974.0,817.0,28.0,21.752968
173.81,93.37,159.9,172.34,9.73,1007.2,746.6,28.0,37.810864
190.34,0.0,125.18,161.85,9.88,1088.1,802.59,28.0,28.468464
250.0,0.0,95.69,191.84,5.33,948.9,857.2,3.0,8.4874496
192.0,288.0,0.0,192.0,0.0,929.8,716.1,3.0,12.788401
317.9,0.0,126.5,209.7,5.7,860.5,736.6,28.0,40.062003
250.0,0.0,95.69,187.42,5.53,956.86,861.17,14.0,24.917663
213.5,0.0,174.24,154.61,11.66,1052.3,775.48,3.0,17.3679
250.0,180.0,95.0,159.0,9.45,860.0,800.0,28.0,67.865123
275.0,180.0,120.0,162.0,10.35,830.0,765.0,28.0,76.235361
290.2,193.5,0.0,185.7,0.0,998.2,704.3,28.0,33.043137
182.04,45.21,121.97,170.21,8.19,1059.4,780.65,56.0,43.499041
203.5,305.3,0.0,203.5,0.0,963.4,630.0,28.0,41.68434
213.74,0.0,174.74,154.79,10.16,1053.5,776.35,100.0,50.076642
326.0,166.0,0.0,174.0,9.0,882.0,790.0,28.0,61.232364
304.0,76.0,0.0,228.0,0.0,932.0,670.0,365.0,55.260122
388.6,97.1,0.0,157.9,12.1,852.1,925.7,7.0,34.901275
251.81,0.0,99.94,146.14,12.35,1006.0,899.76,28.0,33.942903
228.0,342.1,0.0,185.7,0.0,955.8,674.3,28.0,39.699339
277.0,0.0,0.0,191.0,0.0,968.0,856.0,360.0,33.701587
136.4,161.6,125.8,171.6,10.4,922.6,764.4,28.0,29.073134
167.35,129.9,128.62,175.46,7.79,1006.3,746.6,100.0,53.655022
139.6,209.4,0.0,192.0,0.0,1047.0,806.9,28.0,28.23749
135.0,105.0,193.0,196.0,6.0,965.0,643.0,28.0,21.911547
231.75,0.0,121.62,173.96,6.72,1056.4,778.45,28.0,33.729166
275.07,0.0,121.35,159.48,9.9,1053.6,777.5,56.0,56.847296
277.05,0.0,97.39,160.6,11.83,973.9,875.61,56.0,51.035014
190.34,0.0,125.18,161.85,9.88,1088.1,802.59,56.0,38.562393
446.0,24.0,79.0,162.0,10.3,967.0,712.0,28.0,53.386127
116.0,173.0,0.0,192.0,0.0,909.8,891.9,90.0,31.023662
212.07,0.0,121.62,180.31,5.69,1057.6,779.32,56.0,34.204904
238.05,0.0,94.11,186.66,7.0,949.91,847.01,3.0,19.932751
331.0,0.0,0.0,192.0,0.0,978.0,825.0,28.0,31.447
218.85,0.0,124.13,158.49,11.33,1078.7,794.91,14.0,26.048403
146.5,114.6,89.3,201.9,8.8,860.0,829.5,28.0,19.987909
277.19,97.82,24.46,160.7,11.19,1061.7,782.46,14.0,47.711739
296.0,0.0,0.0,192.0,0.0,1085.0,765.0,90.0,29.392362
165.0,0.02,143.57,163.81,0.0,1005.6,900.9,100.0,37.955654
316.1,210.7,0.0,185.7,0.0,977.0,689.3,7.0,24.437787
145.0,0.0,134.0,181.0,11.0,979.0,812.0,28.0,13.196571
133.0,200.0,0.0,192.0,0.0,927.4,839.2,90.0,36.588423
166.09,0.0,163.27,176.46,4.49,1058.6,780.09,14.0,25.483033
148.1,0.0,136.6,158.1,16.1,1001.8,830.1,28.0,17.959471
152.0,178.0,139.0,168.0,18.0,944.0,695.0,28.0,36.349175
313.8,0.0,112.6,169.9,10.1,925.3,782.9,28.0,38.46104
334.0,17.6,158.0,189.0,15.3,967.0,633.0,28.0,44.326412
149.0,236.0,0.0,176.0,13.0,847.0,893.0,28.0,32.956953
144.0,170.0,133.0,192.0,8.0,814.0,805.0,28.0,29.8681
158.4,0.0,194.9,219.7,11.0,897.7,712.9,28.0,8.5364024
173.54,50.05,173.53,164.77,6.47,1006.2,793.5,14.0,33.005216
212.57,0.0,100.39,159.35,10.37,1003.8,903.79,3.0,13.334466
164.2,0.0,200.1,181.2,12.6,849.3,846.0,28.0,15.091251
166.09,0.0,163.27,176.46,4.49,1058.6,780.09,3.0,10.76272
155.0,184.0,143.0,194.0,9.0,880.0,699.0,28.0,28.985571
331.0,0.0,0.0,192.0,0.0,1025.0,821.0,120.0,39.382869
362.6,189.0,0.0,164.9,11.6,944.7,755.8,91.0,79.296635
212.57,0.0,100.39,159.35,10.37,1003.8,903.79,28.0,37.404073
212.52,0.0,100.37,159.32,8.71,1007.8,903.59,100.0,42.919881
212.07,0.0,121.62,180.31,5.69,1057.6,779.32,14.0,20.918702
165.0,128.5,132.1,175.06,8.08,1005.8,746.6,100.0,55.020185
288.4,121.0,0.0,177.4,7.0,907.9,829.5,28.0,42.140084
173.0,116.0,0.0,192.0,0.0,946.8,856.8,3.0,6.9409549
382.0,0.0,0.0,185.0,0.0,1047.0,739.0,7.0,24.00066
135.7,203.5,0.0,185.7,0.0,1076.2,759.3,28.0,18.198719
366.0,187.0,0.0,191.3,6.6,824.3,756.9,28.0,65.909079
198.6,132.4,0.0,192.0,0.0,978.4,825.5,3.0,9.1314201
213.5,0.0,174.24,154.61,11.66,1052.3,775.48,56.0,51.43491
480.0,0.0,0.0,192.0,0.0,936.0,721.0,3.0,24.393661
198.6,132.4,0.0,192.0,0.0,978.4,825.5,90.0,38.074244
333.0,17.5,163.0,167.0,17.9,996.0,652.0,28.0,47.277369
313.3,145.0,0.0,178.5,8.0,867.2,824.0,28.0,40.925227
143.0,169.0,143.0,191.0,8.0,967.0,643.0,28.0,29.72331
236.0,0.0,0.0,194.0,0.0,968.0,885.0,90.0,21.946021
238.05,0.0,94.11,186.66,7.0,949.91,847.01,100.0,44.298833
362.6,189.0,0.0,164.9,11.6,944.7,755.8,7.0,22.897498
170.3,155.5,0.0,185.7,0.0,1026.6,724.3,28.0,25.726418
148.1,0.0,182.1,181.4,15.0,838.9,884.3,28.0,15.52631
229.68,0.0,118.16,195.23,6.13,1028.1,757.63,3.0,13.35515
153.0,102.0,0.0,192.0,0.0,888.0,943.1,28.0,17.964297
167.95,42.08,163.83,121.75,5.72,1058.7,780.11,14.0,17.822955
261.0,100.0,78.0,201.0,9.0,864.0,761.0,28.0,32.398477
214.9,53.8,121.89,155.63,9.61,1014.3,780.58,56.0,53.958392
310.0,0.0,0.0,192.0,0.0,970.0,850.0,180.0,37.328231
190.0,190.0,0.0,228.0,0.0,932.0,670.0,180.0,46.931942
194.68,0.0,100.52,165.62,7.48,1006.4,905.9,14.0,24.98661
139.7,163.9,127.7,236.7,5.8,868.6,655.6,28.0,35.225329
168.88,42.22,124.25,158.33,10.83,1080.8,796.15,56.0,39.148447
260.0,101.0,78.0,171.0,10.0,936.0,763.0,28.0,49.773272
362.6,189.0,0.0,164.9,11.6,944.7,755.8,56.0,77.297154
157.0,236.0,0.0,192.0,0.0,935.4,781.2,90.0,43.377004
172.38,13.61,172.37,156.76,4.14,1006.3,856.4,100.0,37.679863
332.5,142.5,0.0,228.0,0.0,932.0,594.0,7.0,30.275581
296.0,0.0,0.0,192.0,0.0,1085.0,765.0,7.0,14.203206
190.0,190.0,0.0,228.0,0.0,932.0,670.0,90.0,42.326932
139.6,209.4,0.0,192.0,0.0,1047.0,806.9,180.0,44.207822
200.0,200.0,0.0,190.0,0.0,1145.0,660.0,28.0,49.249271
213.5,0.0,174.24,159.21,11.66,1043.6,771.9,56.0,51.255646
321.3,164.2,0.0,190.5,4.6,870.0,774.0,28.0,57.218234
397.0,17.2,158.0,167.0,20.8,967.0,633.0,28.0,55.647608
339.0,0.0,0.0,185.0,0.0,1069.0,754.0,28.0,31.840002
159.1,186.7,0.0,175.6,11.3,989.6,788.9,28.0,32.768036
321.4,0.0,127.9,182.5,11.5,870.1,779.7,28.0,37.265488
192.0,288.0,0.0,192.0,0.0,929.8,716.1,90.0,50.732334
178.03,129.8,118.6,179.94,3.57,1007.3,746.8,100.0,49.993905
288.0,192.0,0.0,192.0,0.0,932.0,717.8,3.0,16.109607
286.3,200.9,0.0,144.7,11.2,1004.6,803.7,56.0,72.994824
133.0,200.0,0.0,192.0,0.0,927.4,839.2,3.0,6.8837284
339.0,0.0,0.0,185.0,0.0,1060.0,754.0,28.0,31.646948
251.37,0.0,118.27,188.45,6.35,1028.4,757.73,100.0,44.209201
313.0,0.0,113.0,178.0,8.0,1002.0,689.0,28.0,36.804229
314.0,145.0,113.0,179.0,8.0,869.0,690.0,28.0,46.229366
286.3,200.9,0.0,144.7,11.2,1004.6,803.7,28.0,67.699648
366.0,187.0,0.0,191.0,7.0,824.0,757.0,28.0,65.907011
322.0,0.0,116.0,196.0,10.0,818.0,813.0,28.0,31.178105
276.4,116.0,90.3,179.6,8.9,870.1,768.3,28.0,44.284354
148.0,175.0,0.0,171.0,2.0,1000.0,828.0,28.0,26.917143
155.0,183.0,0.0,193.0,9.0,877.0,868.0,28.0,23.786922
331.0,0.0,0.0,192.0,0.0,978.0,825.0,180.0,38.996763
277.19,97.82,24.46,160.7,11.19,1061.7,782.46,56.0,66.824014
249.1,0.0,98.75,158.11,12.8,987.76,889.01,56.0,42.030457
213.74,0.0,174.74,154.79,10.16,1053.5,776.35,14.0,33.729166
281.0,0.0,0.0,186.0,0.0,1104.0,774.0,28.0,22.435549
475.0,0.0,0.0,228.0,0.0,932.0,594.0,365.0,41.93462
136.0,162.0,126.0,172.0,10.0,923.0,764.0,28.0,29.068308
286.3,200.9,0.0,144.7,11.2,1004.6,803.7,91.0,76.800732
439.0,177.0,0.0,186.0,11.1,884.9,707.9,28.0,65.996643
266.0,114.0,0.0,228.0,0.0,932.0,670.0,270.0,51.732763
116.0,173.0,0.0,192.0,0.0,909.8,891.9,7.0,10.089792
190.68,0.0,125.4,162.14,7.77,1090.0,804.01,100.0,40.568768
375.0,93.8,0.0,126.6,23.4,852.1,992.6,7.0,45.698469
167.35,129.9,128.62,175.46,7.79,1006.3,746.6,3.0,14.940945
200.0,0.0,0.0,180.0,0.0,1125.0,845.0,28.0,12.245094
304.0,76.0,0.0,228.0,0.0,932.0,670.0,180.0,50.948829
326.0,0.0,138.0,199.0,11.0,801.0,792.0,28.0,40.679084
173.54,50.05,173.53,164.77,6.47,1006.2,793.5,3.0,23.076762
525.0,0.0,0.0,189.0,0.0,1125.0,613.0,14.0,48.401215
212.52,0.0,100.37,159.32,8.71,1007.8,903.59,28.0,31.640054
385.0,0.0,0.0,186.0,0.0,966.0,763.0,28.0,31.350474
298.0,137.0,107.0,201.0,6.0,878.0,655.0,28.0,53.524022
500.0,0.0,0.0,200.0,0.0,1125.0,613.0,14.0,36.935229
424.0,22.0,132.0,168.0,8.92,822.0,750.0,7.0,40.285098
425.0,106.3,0.0,151.4,18.6,936.0,803.7,3.0,36.300911
198.6,132.4,0.0,192.0,0.0,978.4,825.5,7.0,14.638265
200.0,133.0,0.0,192.0,0.0,965.4,806.2,28.0,30.439676
400.0,0.0,0.0,187.0,0.0,1025.0,745.0,28.0,43.698989
234.0,156.0,0.0,189.0,5.85,981.0,760.0,28.0,39.300132
190.34,0.0,125.18,166.61,9.88,1079.0,798.9,14.0,19.415644
321.0,164.0,0.0,190.0,5.0,870.0,774.0,28.0,57.212718
450.1,50.0,0.0,200.0,3.0,1124.4,613.2,28.0,39.375974
173.54,50.05,173.53,164.77,6.47,1006.2,793.5,56.0,53.772233
154.0,144.0,112.0,220.0,10.0,923.0,658.0,28.0,16.499161
300.0,0.0,120.0,212.0,10.0,878.0,728.0,28.0,23.835185
250.0,0.0,95.69,191.84,5.33,948.9,857.2,100.0,41.161717
374.0,189.2,0.0,170.1,10.1,926.1,756.7,7.0,46.201787
289.0,0.0,0.0,192.0,0.0,913.2,895.3,3.0,11.654902
401.8,94.7,0.0,147.4,11.4,946.8,852.1,3.0,41.099664
331.0,0.0,0.0,192.0,0.0,978.0,825.0,7.0,16.264739
290.2,193.5,0.0,185.7,0.0,998.2,704.3,7.0,21.859147
146.0,230.0,0.0,202.0,3.0,827.0,872.0,28.0,33.060374
153.0,239.0,0.0,200.0,6.0,1002.0,684.0,28.0,26.85509
284.0,15.0,141.0,179.0,5.46,842.0,801.0,3.0,13.395534
349.0,0.0,0.0,192.0,0.0,1047.0,806.0,3.0,14.989208
331.0,0.0,0.0,192.0,0.0,879.0,825.0,3.0,13.520624
229.97,0.0,118.31,195.47,4.63,1029.4,758.59,28.0,24.483293
218.85,0.0,124.13,158.49,11.33,1078.7,794.91,56.0,37.266178
149.5,236.0,0.0,175.8,12.6,846.8,892.7,28.0,32.963848
359.0,19.0,141.0,154.0,10.91,942.0,801.0,7.0,38.610656
165.0,0.0,150.0,182.0,12.0,1023.0,729.0,28.0,18.029797
297.8,137.2,106.9,201.3,6.0,878.4,655.3,28.0,53.524711
290.35,0.0,96.18,168.08,9.41,961.18,865.0,28.0,34.735801
305.3,203.5,0.0,203.5,0.0,965.4,631.0,3.0,14.143911
277.05,0.0,97.39,160.6,11.83,973.9,875.61,14.0,41.885667
198.6,132.4,0.0,192.0,0.0,978.4,825.5,180.0,41.719503
250.2,166.8,0.0,203.5,0.0,977.6,694.1,90.0,47.714497
376.0,0.0,0.0,214.6,0.0,1003.5,762.36,100.0,43.057776
172.38,13.61,172.37,156.76,4.14,1006.3,856.4,3.0,21.291019
181.38,0.0,167.01,169.59,7.56,1055.6,777.8,28.0,27.772093
173.54,50.05,173.53,164.77,6.47,1006.2,793.5,100.0,56.061294
146.0,173.0,0.0,182.0,3.0,986.0,817.0,28.0,23.738659
143.0,169.4,142.7,190.7,8.4,967.4,643.5,28.0,29.726068
480.0,0.0,0.0,192.0,0.0,936.0,721.0,90.0,54.275551
310.0,0.0,0.0,192.0,0.0,1012.0,830.0,120.0,38.700288
133.0,200.0,0.0,192.0,0.0,927.4,839.2,28.0,27.874825
339.0,0.0,0.0,185.0,0.0,1069.0,754.0,7.0,21.160018
251.37,0.0,118.27,188.45,6.35,1028.4,757.73,28.0,32.660478
362.6,189.0,0.0,164.9,11.6,944.7,755.8,28.0,71.298713
116.0,173.0,0.0,192.0,0.0,909.8,891.9,3.0,6.2804369
168.88,42.22,124.25,158.33,10.83,1080.8,796.15,28.0,31.116052
155.2,183.9,143.2,193.8,9.2,879.6,698.5,28.0,28.991087
172.38,13.61,172.37,156.76,4.14,1006.3,856.4,56.0,35.852752
144.0,136.0,106.0,178.0,7.0,941.0,774.0,28.0,26.14493
218.85,0.0,124.13,158.49,11.33,1078.7,794.91,100.0,46.229366
277.05,0.0,97.39,160.6,11.83,973.9,875.61,100.0,55.640713
213.72,98.05,24.51,181.71,6.86,1065.8,785.38,28.0,45.705364
310.0,0.0,0.0,192.0,0.0,1012.0,830.0,7.0,17.243795
305.0,0.0,100.0,196.0,10.0,959.0,705.0,28.0,30.123206
330.5,169.6,0.0,194.9,8.1,811.0,802.3,28.0,56.61908
261.9,110.5,86.1,195.4,5.0,895.2,732.6,28.0,33.718824
254.0,0.0,0.0,198.0,0.0,968.0,863.0,3.0,9.307926
167.95,42.08,163.83,121.75,5.72,1058.7,780.11,3.0,7.7497102
249.1,0.0,98.75,158.11,12.8,987.76,889.01,100.0,51.055698
151.0,0.0,185.0,167.0,16.0,1074.0,678.0,28.0,13.458572
260.9,100.5,78.3,200.6,8.6,864.5,761.5,28.0,32.401235
238.1,0.0,0.0,185.7,0.0,1118.8,789.3,7.0,10.335935
178.03,129.8,118.6,179.94,3.57,1007.3,746.8,28.0,39.162237
318.8,212.5,0.0,155.7,14.3,852.1,880.4,7.0,33.398217
266.0,114.0,0.0,228.0,0.0,932.0,670.0,90.0,47.029847
349.0,0.0,0.0,192.0,0.0,1056.0,809.0,120.0,40.858348
284.0,120.0,0.0,168.0,7.0,970.0,794.0,28.0,40.93419
213.72,98.05,24.51,181.71,6.86,1065.8,785.38,56.0,50.773013
387.0,20.0,94.0,157.0,13.93,938.0,845.0,7.0,45.898417
376.0,0.0,0.0,214.6,0.0,1003.5,762.36,3.0,16.278528
218.85,0.0,124.13,158.49,11.33,1078.7,794.91,28.0,30.219733
212.52,0.0,100.37,159.32,8.71,1007.8,903.59,56.0,42.547564
540.0,0.0,0.0,173.0,0.0,1125.0,613.0,3.0,41.637456
290.35,0.0,96.18,168.08,9.41,961.18,865.0,14.0,34.673748
304.8,0.0,99.6,196.0,9.8,959.4,705.2,28.0,30.123206
153.1,145.0,113.0,178.5,8.0,867.2,824.0,28.0,26.233183
254.0,0.0,0.0,198.0,0.0,968.0,863.0,365.0,29.785363
387.0,20.0,94.0,157.0,11.61,938.0,845.0,56.0,61.459891
236.0,0.0,0.0,194.0,0.0,968.0,885.0,14.0,12.838043
387.0,20.0,94.0,157.0,13.93,938.0,845.0,56.0,47.966845
362.6,189.0,0.0,164.9,11.6,944.7,755.8,3.0,35.301171
255.0,0.0,0.0,192.0,0.0,889.8,945.0,28.0,18.746163
379.5,151.2,0.0,153.9,15.9,1134.3,605.0,3.0,28.599464
307.0,0.0,0.0,193.0,0.0,968.0,812.0,28.0,27.530777
252.31,0.0,98.75,146.25,14.17,987.76,889.01,100.0,60.949678
375.0,0.0,0.0,186.0,0.0,1038.0,758.0,7.0,26.062193
531.3,0.0,0.0,141.8,28.2,852.1,893.7,3.0,41.299612
362.6,189.0,0.0,164.9,11.6,944.7,755.8,91.0,79.296635
387.0,20.0,94.0,157.0,11.61,938.0,845.0,3.0,34.770275
298.0,0.0,107.0,186.0,6.0,879.0,815.0,28.0,42.637196
326.5,0.0,137.9,199.0,10.8,801.1,792.5,28.0,38.630651
194.68,0.0,100.52,170.17,7.48,998.0,901.8,28.0,37.266178
167.0,75.4,167.0,164.03,7.91,1007.3,770.1,56.0,53.461969
144.8,0.0,133.6,180.8,11.1,979.5,811.5,28.0,13.202086
304.0,76.0,0.0,228.0,0.0,932.0,670.0,270.0,54.378283
165.0,128.5,132.1,175.06,8.08,1005.8,746.6,56.0,53.72397
288.0,121.0,0.0,177.0,7.0,908.0,829.0,28.0,42.133878
475.0,0.0,0.0,162.0,9.5,1044.0,662.0,28.0,58.522723
362.6,189.0,0.0,164.9,11.6,944.7,755.8,7.0,55.895819
160.0,128.0,122.0,182.0,6.4,824.0,879.0,28.0,39.396659
152.6,238.7,0.0,200.0,6.3,1001.8,683.9,28.0,26.859917
339.0,0.0,0.0,197.0,0.0,968.0,781.0,180.0,36.445701
285.0,190.0,0.0,163.0,7.6,1031.0,685.0,28.0,53.57918
540.0,0.0,0.0,173.0,0.0,1125.0,613.0,180.0,71.622767
165.0,0.02,143.57,163.81,0.0,1005.6,900.9,56.0,36.562912
165.0,128.5,132.1,175.06,8.08,1005.8,746.6,3.0,19.415644
237.5,237.5,0.0,228.0,0.0,932.0,594.0,180.0,36.251959
229.97,0.0,118.31,195.47,4.63,1029.4,758.59,3.0,10.031876
427.5,47.5,0.0,228.0,0.0,932.0,594.0,365.0,43.698299
214.9,53.8,121.89,155.63,9.61,1014.3,780.58,14.0,38.603761
439.0,177.0,0.0,186.0,11.1,884.9,707.9,91.0,73.298194
325.0,0.0,0.0,184.0,0.0,1063.0,783.0,7.0,17.540269
375.0,93.8,0.0,126.6,23.4,852.1,992.6,91.0,62.500999
238.0,0.0,0.0,186.0,0.0,1119.0,789.0,7.0,12.05204
350.0,0.0,0.0,203.0,0.0,974.0,775.0,180.0,32.722531
203.5,135.7,0.0,185.7,0.0,1076.2,759.3,28.0,22.629981
264.5,111.0,86.5,195.5,5.9,832.6,790.4,28.0,41.542308
425.0,106.3,0.0,151.4,18.6,936.0,803.7,91.0,66.699908
231.75,0.0,121.62,173.96,6.72,1056.4,778.45,14.0,26.772353
307.0,0.0,0.0,193.0,0.0,968.0,812.0,365.0,36.149227
250.0,0.0,0.0,182.0,0.0,1100.0,820.0,28.0,20.870439
313.3,262.2,0.0,175.5,8.6,1046.9,611.8,7.0,42.795775
190.34,0.0,125.18,166.61,9.88,1079.0,798.9,100.0,33.563692
159.0,187.0,0.0,176.0,11.0,990.0,789.0,28.0,32.7639
122.6,183.9,0.0,203.5,0.0,958.2,800.1,28.0,24.290929
158.6,148.9,116.0,175.1,15.0,953.3,719.7,28.0,27.681082
251.37,0.0,118.27,188.45,6.35,1028.4,757.73,14.0,24.428135
540.0,0.0,0.0,173.0,0.0,1125.0,613.0,7.0,52.613914
323.7,282.8,0.0,183.8,10.3,942.7,659.9,3.0,28.296095
401.8,94.7,0.0,147.4,11.4,946.8,852.1,7.0,54.096287
246.83,0.0,125.08,143.3,11.99,1086.8,800.89,14.0,42.216615
339.0,0.0,0.0,197.0,0.0,968.0,781.0,90.0,35.170171
182.04,45.21,121.97,170.21,8.19,1059.4,780.65,3.0,7.3153404
154.8,183.4,0.0,193.3,9.1,877.2,867.7,28.0,23.786922
202.0,11.0,141.0,206.0,1.72,942.0,801.0,7.0,15.069975
255.5,170.3,0.0,185.7,0.0,1026.6,724.3,28.0,32.051671
183.9,122.6,0.0,203.5,0.0,959.2,800.0,3.0,4.9035533
157.0,236.0,0.0,192.0,0.0,935.4,781.2,28.0,33.664355
237.5,237.5,0.0,228.0,0.0,932.0,594.0,28.0,30.079769
173.0,116.0,0.0,192.0,0.0,946.8,856.8,28.0,24.281966
142.0,167.0,130.0,174.0,11.0,883.0,785.0,28.0,44.609097
134.7,0.0,165.7,180.2,10.0,961.0,804.9,28.0,13.293787
210.7,316.1,0.0,185.7,0.0,977.0,689.3,7.0,21.819847
446.0,24.0,79.0,162.0,11.64,967.0,712.0,7.0,39.300132
310.0,0.0,0.0,192.0,0.0,1012.0,830.0,28.0,27.827251
194.68,0.0,100.52,170.17,7.48,998.0,901.8,14.0,24.283345
332.5,142.5,0.0,228.0,0.0,932.0,594.0,28.0,33.019006
491.0,26.0,123.0,210.0,3.93,882.0,699.0,56.0,59.590426
397.0,0.0,0.0,185.7,0.0,1040.6,734.3,28.0,33.082437
139.6,209.4,0.0,192.0,0.0,1047.0,806.9,360.0,44.69804
236.0,157.0,0.0,192.0,0.0,972.6,749.1,90.0,47.782066
362.6,189.0,0.0,164.9,11.6,944.7,755.8,91.0,79.296635
424.0,22.0,132.0,178.0,8.48,882.0,750.0,3.0,32.011386
337.9,189.0,0.0,174.9,9.5,944.7,755.8,28.0,49.897378
212.0,141.3,0.0,203.5,0.0,973.4,750.0,7.0,15.030577
212.57,0.0,100.39,159.35,10.37,1003.8,903.79,56.0,44.39536
190.68,0.0,125.4,162.14,7.77,1090.0,804.01,56.0,35.34254
194.68,0.0,100.52,165.62,7.48,1006.4,905.9,3.0,12.451937
362.6,189.0,0.0,164.9,11.6,944.7,755.8,28.0,71.298713
153.0,102.0,0.0,192.0,0.0,888.0,943.1,7.0,8.3743755
331.0,0.0,0.0,192.0,0.0,1025.0,821.0,7.0,17.436848
164.6,0.0,150.4,181.6,11.7,1023.3,728.9,28.0,18.033934
228.0,342.1,0.0,185.7,0.0,955.8,674.3,7.0,21.917063
296.0,0.0,0.0,186.0,0.0,1090.0,769.0,7.0,18.912327
275.07,0.0,121.35,159.48,9.9,1053.6,777.5,3.0,23.800712
350.0,0.0,0.0,186.0,0.0,1050.0,770.0,7.0,20.277489
277.0,117.0,91.0,191.0,7.0,946.0,666.0,28.0,43.574883
359.0,19.0,141.0,154.0,10.91,942.0,801.0,56.0,68.750607
236.0,0.0,0.0,194.0,0.0,968.0,885.0,3.0,6.4672849
500.0,0.0,0.0,200.0,0.0,1125.0,613.0,270.0,55.15808
141.9,166.6,129.7,173.5,10.9,882.6,785.3,28.0,44.611855
387.0,20.0,94.0,157.0,14.32,938.0,845.0,7.0,36.838703
181.38,0.0,167.01,169.59,7.56,1055.6,777.8,3.0,13.624046
314.0,145.3,113.2,178.9,8.0,869.1,690.2,28.0,46.234192
277.19,97.82,24.46,160.7,11.19,1061.7,782.46,3.0,30.44726
154.0,174.0,185.0,228.0,7.0,845.0,612.0,28.0,24.338503
387.0,20.0,94.0,157.0,14.32,938.0,845.0,3.0,22.752708
380.0,0.0,0.0,228.0,0.0,932.0,670.0,365.0,52.516697
425.0,106.3,0.0,153.5,16.5,852.1,887.1,3.0,33.398217
231.75,0.0,121.62,173.96,6.72,1056.4,778.45,3.0,15.437368
310.0,0.0,0.0,192.0,0.0,1012.0,830.0,3.0,11.852092
387.0,20.0,94.0,157.0,13.93,938.0,845.0,3.0,25.510612
143.7,170.2,132.6,191.6,8.5,814.1,805.3,28.0,29.870858
342.0,38.0,0.0,228.0,0.0,932.0,670.0,270.0,55.064311
480.0,0.0,0.0,192.0,0.0,936.0,721.0,28.0,43.892042
379.5,151.2,0.0,153.9,15.9,1134.3,605.0,91.0,56.495663
425.0,106.3,0.0,151.4,18.6,936.0,803.7,56.0,64.900376
181.38,0.0,167.01,169.59,7.56,1055.6,777.8,14.0,21.601283
158.8,238.2,0.0,185.7,0.0,1040.6,734.3,7.0,9.6175007
183.9,122.6,0.0,203.5,0.0,959.2,800.0,28.0,24.046165
255.0,0.0,0.0,192.0,0.0,889.8,945.0,3.0,8.2040749
233.81,0.0,94.58,197.89,4.567,947.04,852.16,3.0,10.383509
375.0,93.8,0.0,126.6,23.4,852.1,992.6,56.0,60.19815
190.34,0.0,125.18,166.61,9.88,1079.0,798.9,28.0,24.848715
540.0,0.0,0.0,173.0,0.0,1125.0,613.0,90.0,69.65776
156.0,243.0,0.0,180.0,11.0,1022.0,698.0,28.0,37.362704
275.07,0.0,121.35,159.48,9.9,1053.6,777.5,100.0,58.60546
173.81,93.37,159.9,172.34,9.73,1007.2,746.6,14.0,29.550941
236.9,91.7,71.5,246.9,6.0,852.9,695.4,28.0,28.629801
380.0,95.0,0.0,228.0,0.0,932.0,594.0,180.0,40.759063
393.0,0.0,0.0,192.0,0.0,940.6,785.6,7.0,27.742446
102.0,153.0,0.0,192.0,0.0,887.0,942.0,3.0,4.5650206
313.0,145.0,0.0,178.0,8.0,867.0,824.0,28.0,44.388465
160.0,188.0,146.0,203.0,11.0,829.0,710.0,28.0,32.839742
516.0,0.0,0.0,162.0,8.26,801.0,802.0,28.0,41.36856
194.68,0.0,100.52,165.62,7.48,1006.4,905.9,28.0,25.72435
198.6,132.4,0.0,192.0,0.0,978.4,825.5,28.0,28.021684
165.0,0.02,143.57,163.81,0.0,1005.6,900.9,28.0,26.200088
323.7,282.8,0.0,183.8,10.3,942.7,659.9,7.0,49.800851
297.16,0.0,117.54,174.8,9.52,1022.8,753.45,56.0,51.958911
265.0,111.0,86.0,195.0,6.0,833.0,790.0,28.0,41.540929
304.0,140.0,0.0,214.0,6.0,895.0,722.0,28.0,33.418902
298.1,0.0,107.0,186.4,6.1,879.0,815.2,28.0,42.644091
168.88,42.22,124.25,158.33,10.83,1080.8,796.15,14.0,23.511132
393.0,0.0,0.0,192.0,0.0,940.6,785.6,90.0,48.846617
393.0,0.0,0.0,192.0,0.0,940.6,785.6,28.0,39.60488
213.5,0.0,174.24,159.21,11.66,1043.6,771.9,3.0,15.609737
288.0,192.0,0.0,192.0,0.0,932.0,717.8,28.0,38.804399
321.0,0.0,128.0,182.0,11.0,870.0,780.0,28.0,37.259283
225.0,0.0,0.0,181.0,0.0,1113.0,833.0,7.0,11.169511
182.04,45.21,121.97,170.21,8.19,1059.4,780.65,14.0,21.504756
183.9,122.6,0.0,203.5,0.0,959.2,800.0,90.0,32.532925
231.75,0.0,121.62,173.96,6.72,1056.4,778.45,100.0,45.836364
212.0,0.0,124.78,159.0,7.84,1085.4,799.54,100.0,47.815161
229.68,0.0,118.16,195.23,6.13,1028.1,757.63,56.0,31.350474
150.0,236.8,0.0,173.8,11.9,1069.3,674.8,28.0,37.431652
287.3,120.5,93.9,187.6,9.2,904.4,695.9,28.0,43.798273
213.74,0.0,174.74,154.79,10.16,1053.5,776.35,3.0,17.574743
277.0,0.0,0.0,191.0,0.0,968.0,856.0,28.0,25.965666
362.6,189.0,0.0,164.9,11.6,944.7,755.8,7.0,55.895819
446.0,24.0,79.0,162.0,10.3,967.0,712.0,56.0,54.765079
255.0,0.0,0.0,192.0,0.0,889.8,945.0,90.0,21.859147
262.0,111.0,86.0,195.0,5.0,895.0,733.0,28.0,33.715376
491.0,26.0,123.0,210.0,3.93,882.0,699.0,28.0,55.551081
295.8,0.0,0.0,185.7,0.0,1091.4,769.3,28.0,25.216895
296.0,0.0,0.0,186.0,0.0,1090.0,769.0,28.0,25.179664
213.76,98.06,24.52,181.74,6.65,1066.0,785.52,14.0,17.836744
252.31,0.0,98.75,146.25,14.17,987.76,889.01,28.0,50.600644
151.6,0.0,111.9,184.4,7.9,992.0,815.9,28.0,12.180972
141.3,212.0,0.0,203.5,0.0,971.8,748.5,3.0,4.827711
116.0,173.0,0.0,192.0,0.0,909.8,891.9,28.0,22.347986
374.0,189.2,0.0,170.1,10.1,926.1,756.7,28.0,61.094468
525.0,0.0,0.0,189.0,0.0,1125.0,613.0,270.0,67.113594
307.0,0.0,0.0,193.0,0.0,968.0,812.0,3.0,12.541568
200.0,133.0,0.0,192.0,0.0,965.4,806.2,3.0,11.414275
251.37,0.0,118.27,192.94,5.75,1043.6,754.3,14.0,20.725649
425.0,106.3,0.0,153.5,16.5,852.1,887.1,7.0,49.201007
266.0,114.0,0.0,228.0,0.0,932.0,670.0,180.0,48.695621
315.0,137.0,0.0,145.0,5.9,1130.0,745.0,28.0,81.751169
505.0,0.0,60.0,195.0,0.0,1030.0,630.0,28.0,64.017847
203.5,135.7,0.0,185.7,0.0,1076.2,759.3,7.0,11.957582
213.5,0.0,174.24,159.21,11.66,1043.6,771.9,28.0,44.636676
298.2,0.0,107.0,209.7,11.1,879.6,744.2,28.0,31.875165
214.9,53.8,121.89,155.63,9.61,1014.3,780.58,100.0,56.633559
427.5,47.5,0.0,228.0,0.0,932.0,594.0,180.0,41.836714
252.31,0.0,98.75,146.25,14.17,987.76,889.01,14.0,42.292458
469.0,117.2,0.0,137.8,32.2,852.1,840.5,56.0,69.299233
272.8,181.9,0.0,185.7,0.0,1012.4,714.3,7.0,19.765208
139.6,209.4,0.0,192.0,0.0,1047.0,806.9,7.0,14.589312
385.0,0.0,136.0,158.0,20.0,903.0,768.0,28.0,55.551081
480.0,0.0,0.0,192.0,0.0,936.2,712.2,28.0,43.942374
251.37,0.0,118.27,192.94,5.75,1043.6,754.3,56.0,39.265658
213.72,98.05,24.51,181.71,6.86,1065.8,785.38,14.0,30.385207
167.0,75.4,167.0,164.03,7.91,1007.3,770.1,100.0,56.812822
167.35,129.9,128.62,175.46,7.79,1006.3,746.6,56.0,51.72449
273.0,105.0,82.0,210.0,9.0,904.0,680.0,28.0,37.169651
153.0,145.0,113.0,178.0,8.0,867.0,824.0,28.0,26.227667
531.3,0.0,0.0,141.8,28.2,852.1,893.7,56.0,58.798513
252.5,0.0,0.0,185.7,0.0,1111.6,784.3,7.0,11.483912
333.0,0.0,0.0,192.0,0.0,931.2,842.6,90.0,41.680203
313.3,145.0,0.0,178.5,8.0,1001.9,688.7,28.0,41.053469
167.0,75.4,167.0,164.03,7.91,1007.3,770.1,14.0,32.901795
362.6,189.0,0.0,164.9,11.6,944.7,755.8,28.0,71.298713
307.0,0.0,0.0,193.0,0.0,968.0,812.0,180.0,34.48759
356.0,119.0,0.0,160.0,9.03,1061.0,657.0,28.0,58.998461
255.3,98.8,77.0,188.6,6.5,919.0,749.3,28.0,33.798803
295.71,0.0,95.64,171.54,8.87,955.14,859.2,28.0,39.941345
214.9,53.8,121.89,155.63,9.61,1014.3,780.58,3.0,18.016008
153.0,145.0,113.0,178.0,8.0,1002.0,689.0,28.0,25.558875
218.23,54.64,123.78,140.75,11.91,1075.7,792.67,14.0,35.956173
362.6,189.0,0.0,164.9,11.6,944.7,755.8,56.0,77.297154
469.0,117.2,0.0,137.8,32.2,852.1,840.5,7.0,54.896079
289.0,134.0,0.0,195.0,6.0,924.0,760.0,28.0,46.243155
425.0,106.3,0.0,153.5,16.5,852.1,887.1,28.0,60.294676
200.0,133.0,0.0,192.0,0.0,965.4,806.2,7.0,17.165884
425.0,106.3,0.0,153.5,16.5,852.1,887.1,3.0,33.398217
145.0,116.0,119.0,184.0,5.7,833.0,880.0,28.0,29.15794
296.0,0.0,0.0,192.0,0.0,1085.0,765.0,28.0,21.649546
322.5,148.6,0.0,185.8,8.5,951.0,709.5,28.0,52.426376
376.0,0.0,0.0,214.6,0.0,1003.5,762.36,28.0,31.971002
162.0,190.1,148.1,178.8,18.8,838.1,741.4,28.0,33.762261
480.0,0.0,0.0,192.0,0.0,936.2,712.2,7.0,34.569637
359.0,19.0,141.0,154.0,10.91,942.0,801.0,28.0,59.494884
362.6,189.0,0.0,164.9,11.6,944.7,755.8,7.0,55.895819
122.6,183.9,0.0,203.5,0.0,958.2,800.1,7.0,10.354551
167.0,75.4,167.0,164.03,7.91,1007.3,770.1,28.0,41.409929
133.1,210.2,0.0,195.7,3.1,949.4,795.3,28.0,28.937997
181.9,272.8,0.0,185.7,0.0,1012.4,714.3,28.0,27.935499
381.4,0.0,0.0,185.7,0.0,1104.6,784.3,7.0,14.541049
446.0,24.0,79.0,162.0,11.64,967.0,712.0,28.0,44.422939
213.74,0.0,174.74,154.79,10.16,1053.5,776.35,28.0,40.148187
305.3,203.5,0.0,203.5,0.0,965.4,631.0,7.0,25.893961
218.23,54.64,123.78,140.75,11.91,1075.7,792.67,100.0,63.528319
323.7,282.8,0.0,183.8,10.3,942.7,659.9,28.0,74.69783
186.2,124.1,0.0,185.7,0.0,1083.4,764.3,7.0,7.9958532
349.0,0.0,0.0,192.0,0.0,1047.0,806.0,28.0,32.722531
212.0,0.0,124.78,159.0,7.84,1085.4,799.54,3.0,19.519066
333.0,0.0,0.0,192.0,0.0,931.2,842.6,3.0,15.615942
212.07,0.0,121.62,180.31,5.69,1057.6,779.32,3.0,12.472621
149.0,118.0,92.0,183.0,7.0,953.0,780.0,28.0,23.518026
108.3,162.4,0.0,203.5,0.0,938.2,849.0,28.0,20.593959
249.1,0.0,98.75,158.11,12.8,987.76,889.01,28.0,30.847156
310.0,0.0,0.0,192.0,0.0,970.0,850.0,28.0,27.923778
446.0,24.0,79.0,162.0,11.64,967.0,712.0,28.0,51.021224
331.0,0.0,0.0,192.0,0.0,1025.0,821.0,3.0,14.306627
475.0,0.0,0.0,228.0,0.0,932.0,594.0,270.0,42.13112
237.0,92.0,71.0,247.0,6.0,853.0,695.0,28.0,28.627044
222.36,0.0,96.67,189.29,4.46,967.08,870.32,100.0,40.713558
475.0,118.8,0.0,181.1,8.9,852.1,781.5,3.0,37.797074
400.0,0.0,0.0,187.0,0.0,1025.0,745.0,7.0,30.143891
339.0,0.0,0.0,197.0,0.0,968.0,781.0,28.0,32.03995
339.0,0.0,0.0,197.0,0.0,968.0,781.0,14.0,27.041249
190.68,0.0,125.4,162.14,7.77,1090.0,804.01,3.0,15.044366
194.68,0.0,100.52,170.17,7.48,998.0,901.8,56.0,43.388725
266.0,114.0,0.0,228.0,0.0,932.0,670.0,28.0,45.854291
313.0,161.0,0.0,178.0,10.0,917.0,759.0,28.0,52.441545
424.0,22.0,132.0,168.0,8.92,822.0,750.0,3.0,32.109882
289.0,0.0,0.0,192.0,0.0,913.2,895.3,90.0,32.068218
212.0,0.0,124.78,159.0,7.84,1085.4,799.54,28.0,38.50034
172.38,13.61,172.37,156.76,4.14,1006.3,856.4,28.0,33.687797
277.0,0.0,0.0,191.0,0.0,968.0,856.0,3.0,11.362564
133.0,200.0,0.0,192.0,0.0,927.4,839.2,7.0,13.664035
500.0,0.0,0.0,140.0,4.0,966.0,853.0,28.0,67.568648
385.0,0.0,0.0,186.0,0.0,966.0,763.0,1.0,6.2673368
246.83,0.0,125.08,143.3,11.99,1086.8,800.89,3.0,23.524921
155.0,0.0,143.0,193.0,9.0,1047.0,697.0,28.0,12.458831
151.0,0.0,184.0,167.0,12.0,991.0,772.0,28.0,15.568368
252.1,97.1,75.6,193.8,8.3,835.5,821.4,28.0,33.399596
233.81,0.0,94.58,197.89,4.567,947.04,852.16,100.0,34.556537
229.97,0.0,118.31,195.47,4.63,1029.4,758.59,14.0,20.084436
393.0,0.0,0.0,192.0,0.0,940.0,758.0,90.0,48.794217
475.0,118.8,0.0,181.1,8.9,852.1,781.5,91.0,74.194512
475.0,0.0,0.0,228.0,0.0,932.0,594.0,7.0,38.603761
250.0,0.0,95.69,187.42,5.53,956.86,861.17,56.0,38.327971
251.37,0.0,118.27,192.94,5.75,1043.6,754.3,28.0,33.274112
148.5,139.4,108.6,192.7,6.1,892.4,780.0,28.0,23.696601
362.6,189.0,0.0,164.9,11.6,944.7,755.8,56.0,77.297154
277.0,0.0,0.0,191.0,0.0,968.0,856.0,90.0,31.253947
212.0,141.3,0.0,203.5,0.0,973.4,750.0,3.0,6.8085755
331.0,0.0,0.0,192.0,0.0,978.0,825.0,360.0,41.244454
295.71,0.0,95.64,171.54,8.87,955.14,859.2,56.0,48.718374
313.3,0.0,113.0,178.5,8.0,1001.9,688.7,28.0,36.804918
316.1,210.7,0.0,185.7,0.0,977.0,689.3,28.0,38.700288
154.8,0.0,142.8,193.3,9.1,877.2,867.7,28.0,9.738159
173.0,116.0,0.0,192.0,0.0,946.8,856.8,90.0,32.102692
213.5,0.0,174.24,154.61,11.66,1052.3,775.48,14.0,33.701587
387.0,20.0,94.0,157.0,14.32,938.0,845.0,28.0,50.235221
349.0,0.0,0.0,192.0,0.0,1047.0,806.9,3.0,15.049193
427.5,47.5,0.0,228.0,0.0,932.0,594.0,7.0,35.076402
297.16,0.0,117.54,174.8,9.52,1022.8,753.45,14.0,36.990387
246.83,0.0,125.08,143.3,11.99,1086.8,800.89,56.0,60.322255
186.2,124.1,0.0,185.7,0.0,1083.4,764.3,28.0,17.596806
156.0,178.0,187.0,221.0,7.0,854.0,614.0,28.0,29.413046
446.0,24.0,79.0,162.0,11.61,967.0,712.0,28.0,57.02656
288.0,192.0,0.0,192.0,0.0,932.0,717.8,90.0,50.52687
380.0,0.0,0.0,228.0,0.0,932.0,670.0,180.0,53.104131
318.8,212.5,0.0,155.7,14.3,852.1,880.4,91.0,68.099545
102.0,153.0,0.0,192.0,0.0,887.0,942.0,7.0,7.6759363
375.0,0.0,0.0,186.0,0.0,1038.0,758.0,28.0,38.21076
277.19,97.82,24.46,160.7,11.19,1061.7,782.46,28.0,63.142212
382.5,0.0,0.0,185.7,0.0,1047.8,739.3,7.0,24.06547
239.6,359.4,0.0,185.7,0.0,941.6,664.3,28.0,39.435269
300.0,0.0,0.0,184.0,0.0,1075.0,795.0,7.0,15.575263
239.6,359.4,0.0,185.7,0.0,941.6,664.3,7.0,25.422359
425.0,106.3,0.0,153.5,16.5,852.1,887.1,91.0,65.196851
143.6,0.0,174.9,158.4,17.9,942.7,844.5,28.0,15.423578
425.0,106.3,0.0,153.5,16.5,852.1,887.1,91.0,65.196851
193.5,290.2,0.0,185.7,0.0,998.2,704.3,7.0,17.200358
229.97,0.0,118.31,195.47,4.63,1029.4,758.59,56.0,31.536632
355.9,0.0,141.6,193.3,11.0,801.4,778.4,28.0,40.86869
525.0,0.0,0.0,189.0,0.0,1125.0,613.0,7.0,42.423458
194.68,0.0,100.52,165.62,7.48,1006.4,905.9,56.0,33.963588
322.2,0.0,115.6,196.0,10.4,817.9,813.4,28.0,31.178794
190.0,190.0,0.0,228.0,0.0,932.0,670.0,28.0,40.856969
153.1,145.0,113.0,178.5,8.0,1001.9,688.7,28.0,25.559565
212.07,0.0,121.62,180.31,5.69,1057.6,779.32,28.0,24.903873
173.81,93.37,159.9,172.34,9.73,1007.2,746.6,3.0,15.816579
155.0,183.0,0.0,193.0,9.0,1047.0,697.0,28.0,18.284904
246.83,0.0,125.08,143.3,11.99,1086.8,800.89,100.0,66.424118
155.0,0.0,143.0,193.0,9.0,877.0,868.0,28.0,9.7354011
337.9,189.0,0.0,174.9,9.5,944.7,755.8,3.0,24.097186
313.3,262.2,0.0,175.5,8.6,1046.9,611.8,91.0,66.596487
250.0,0.0,95.69,187.42,5.53,956.86,861.17,100.0,42.347616
194.68,0.0,100.52,170.17,7.48,998.0,901.8,100.0,44.278149
212.07,0.0,121.62,180.31,5.69,1057.6,779.32,100.0,39.610396
310.0,0.0,0.0,192.0,0.0,970.0,850.0,90.0,34.680643
318.8,212.5,0.0,155.7,14.3,852.1,880.4,3.0,25.200348
379.5,151.2,0.0,153.9,15.9,1134.3,605.0,28.0,52.200228
491.0,26.0,123.0,201.0,3.93,822.0,699.0,28.0,57.915984
157.0,236.0,0.0,192.0,0.0,935.4,781.2,7.0,16.889404
339.2,0.0,0.0,185.7,0.0,1069.2,754.3,7.0,21.179324
275.07,0.0,121.35,159.48,9.9,1053.6,777.5,14.0,38.769235
236.0,0.0,0.0,193.0,0.0,968.0,885.0,365.0,25.083137
337.9,189.0,0.0,174.9,9.5,944.7,755.8,91.0,67.796175
165.0,128.5,132.1,175.06,8.08,1005.8,746.6,28.0,46.387945
190.34,0.0,125.18,161.85,9.88,1088.1,802.59,3.0,9.4458212
231.75,0.0,121.62,173.96,6.72,1056.4,778.45,56.0,42.699249
491.0,26.0,123.0,201.0,3.93,822.0,699.0,7.0,37.92118
213.5,0.0,174.24,154.61,11.66,1052.3,775.48,28.0,45.939786
359.0,19.0,141.0,154.0,10.91,942.0,801.0,56.0,66.780675
379.5,151.2,0.0,153.9,15.9,1134.3,605.0,7.0,47.098106
212.0,141.3,0.0,203.5,0.0,973.4,750.0,90.0,39.700028
304.0,76.0,0.0,228.0,0.0,932.0,670.0,28.0,47.813782
424.0,22.0,132.0,168.0,8.92,822.0,750.0,28.0,72.098505
298.0,0.0,107.0,210.0,11.0,880.0,744.0,28.0,31.874475
252.0,0.0,0.0,186.0,0.0,1111.0,784.0,7.0,11.465986
251.81,0.0,99.94,146.14,12.35,1006.0,899.76,56.0,44.140254
279.8,128.9,100.4,172.4,9.5,825.1,804.9,28.0,52.826962
446.0,24.0,79.0,162.0,11.64,967.0,712.0,56.0,55.254607
236.0,157.0,0.0,192.0,0.0,972.6,749.1,7.0,20.416074
310.0,0.0,0.0,192.0,0.0,971.0,850.6,3.0,9.8664016
295.71,0.0,95.64,171.54,8.87,955.14,859.2,3.0,22.945761
374.0,0.0,0.0,190.0,7.0,1013.0,730.0,28.0,39.051921
166.09,0.0,163.27,176.46,4.49,1058.6,780.09,28.0,21.53923
237.5,237.5,0.0,228.0,0.0,932.0,594.0,365.0,38.995384
173.81,93.37,159.9,172.34,9.73,1007.2,746.6,56.0,48.98727
159.0,209.0,161.0,201.0,7.0,848.0,669.0,28.0,30.88163
310.0,0.0,0.0,192.0,0.0,970.0,850.0,7.0,14.989208
469.0,117.2,0.0,137.8,32.2,852.1,840.5,3.0,40.196451
194.68,0.0,100.52,165.62,7.48,1006.4,905.9,100.0,37.34202
322.0,0.0,0.0,203.0,0.0,974.0,800.0,180.0,29.585415
491.0,26.0,123.0,201.0,3.93,822.0,699.0,3.0,29.548971
